image: house_test.pgm
resolution: 0.050000
origin: [-8.827740, -4.598245, 0.000000]
negate: 0
occupied_thresh: 0.65
free_thresh: 0.196

